Solution 1: (0,0), (4,1), (7,2), (5,3), (2,4), (6,5), (1,6), (3,7)
Solution 2: (0,0), (5,1), (7,2), (2,3), (6,4), (3,5), (1,6), (4,7)
Solution 3: (0,0), (6,1), (3,2), (5,3), (7,4), (1,5), (4,6), (2,7)
Solution 4: (0,0), (6,1), (4,2), (7,3), (1,4), (3,5), (5,6), (2,7)
Solution 5: (1,0), (3,1), (5,2), (7,3), (2,4), (0,5), (6,6), (4,7)
Solution 6: (1,0), (4,1), (6,2), (0,3), (2,4), (7,5), (5,6), (3,7)
Solution 7: (1,0), (4,1), (6,2), (3,3), (0,4), (7,5), (5,6), (2,7)
Solution 8: (1,0), (5,1), (0,2), (6,3), (3,4), (7,5), (2,6), (4,7)
Solution 9: (1,0), (5,1), (7,2), (2,3), (0,4), (3,5), (6,6), (4,7)
Solution 10: (1,0), (6,1), (2,2), (5,3), (7,4), (4,5), (0,6), (3,7)
Solution 11: (1,0), (6,1), (4,2), (7,3), (0,4), (3,5), (5,6), (2,7)
Solution 12: (1,0), (7,1), (5,2), (0,3), (2,4), (4,5), (6,6), (3,7)
Solution 13: (2,0), (0,1), (6,2), (4,3), (7,4), (1,5), (3,6), (5,7)
Solution 14: (2,0), (4,1), (1,2), (7,3), (0,4), (6,5), (3,6), (5,7)
Solution 15: (2,0), (4,1), (1,2), (7,3), (5,4), (3,5), (6,6), (0,7)
Solution 16: (2,0), (4,1), (6,2), (0,3), (3,4), (1,5), (7,6), (5,7)
Solution 17: (2,0), (4,1), (7,2), (3,3), (0,4), (6,5), (1,6), (5,7)
Solution 18: (2,0), (5,1), (1,2), (4,3), (7,4), (0,5), (6,6), (3,7)
Solution 19: (2,0), (5,1), (1,2), (6,3), (0,4), (3,5), (7,6), (4,7)
Solution 20: (2,0), (5,1), (1,2), (6,3), (4,4), (0,5), (7,6), (3,7)
Solution 21: (2,0), (5,1), (3,2), (0,3), (7,4), (4,5), (6,6), (1,7)
Solution 22: (2,0), (5,1), (3,2), (1,3), (7,4), (4,5), (6,6), (0,7)
Solution 23: (2,0), (5,1), (7,2), (0,3), (3,4), (6,5), (4,6), (1,7)
Solution 24: (2,0), (5,1), (7,2), (0,3), (4,4), (6,5), (1,6), (3,7)
Solution 25: (2,0), (5,1), (7,2), (1,3), (3,4), (0,5), (6,6), (4,7)
Solution 26: (2,0), (6,1), (1,2), (7,3), (4,4), (0,5), (3,6), (5,7)
Solution 27: (2,0), (6,1), (1,2), (7,3), (5,4), (3,5), (0,6), (4,7)
Solution 28: (2,0), (7,1), (3,2), (6,3), (0,4), (5,5), (1,6), (4,7)
Solution 29: (3,0), (0,1), (4,2), (7,3), (1,4), (6,5), (2,6), (5,7)
Solution 30: (3,0), (0,1), (4,2), (7,3), (5,4), (2,5), (6,6), (1,7)
Solution 31: (3,0), (1,1), (4,2), (7,3), (5,4), (0,5), (2,6), (6,7)
Solution 32: (3,0), (1,1), (6,2), (2,3), (5,4), (7,5), (0,6), (4,7)
Solution 33: (3,0), (1,1), (6,2), (2,3), (5,4), (7,5), (4,6), (0,7)
Solution 34: (3,0), (1,1), (6,2), (4,3), (0,4), (7,5), (5,6), (2,7)
Solution 35: (3,0), (1,1), (7,2), (4,3), (6,4), (0,5), (2,6), (5,7)
Solution 36: (3,0), (1,1), (7,2), (5,3), (0,4), (2,5), (4,6), (6,7)
Solution 37: (3,0), (5,1), (0,2), (4,3), (1,4), (7,5), (2,6), (6,7)
Solution 38: (3,0), (5,1), (7,2), (1,3), (6,4), (0,5), (2,6), (4,7)
Solution 39: (3,0), (5,1), (7,2), (2,3), (0,4), (6,5), (4,6), (1,7)
Solution 40: (3,0), (6,1), (0,2), (7,3), (4,4), (1,5), (5,6), (2,7)
Solution 41: (3,0), (6,1), (2,2), (7,3), (1,4), (4,5), (0,6), (5,7)
Solution 42: (3,0), (6,1), (4,2), (1,3), (5,4), (0,5), (2,6), (7,7)
Solution 43: (3,0), (6,1), (4,2), (2,3), (0,4), (5,5), (7,6), (1,7)
Solution 44: (3,0), (7,1), (0,2), (2,3), (5,4), (1,5), (6,6), (4,7)
Solution 45: (3,0), (7,1), (0,2), (4,3), (6,4), (1,5), (5,6), (2,7)
Solution 46: (3,0), (7,1), (4,2), (2,3), (0,4), (6,5), (1,6), (5,7)
Solution 47: (4,0), (0,1), (3,2), (5,3), (7,4), (1,5), (6,6), (2,7)
Solution 48: (4,0), (0,1), (7,2), (3,3), (1,4), (6,5), (2,6), (5,7)
Solution 49: (4,0), (0,1), (7,2), (5,3), (2,4), (6,5), (1,6), (3,7)
Solution 50: (4,0), (1,1), (3,2), (5,3), (7,4), (2,5), (0,6), (6,7)
Solution 51: (4,0), (1,1), (3,2), (6,3), (2,4), (7,5), (5,6), (0,7)
Solution 52: (4,0), (1,1), (5,2), (0,3), (6,4), (3,5), (7,6), (2,7)
Solution 53: (4,0), (1,1), (7,2), (0,3), (3,4), (6,5), (2,6), (5,7)
Solution 54: (4,0), (2,1), (0,2), (5,3), (7,4), (1,5), (3,6), (6,7)
Solution 55: (4,0), (2,1), (0,2), (6,3), (1,4), (7,5), (5,6), (3,7)
Solution 56: (4,0), (2,1), (7,2), (3,3), (6,4), (0,5), (5,6), (1,7)
Solution 57: (4,0), (6,1), (0,2), (2,3), (7,4), (5,5), (3,6), (1,7)
Solution 58: (4,0), (6,1), (0,2), (3,3), (1,4), (7,5), (5,6), (2,7)
Solution 59: (4,0), (6,1), (1,2), (3,3), (7,4), (0,5), (2,6), (5,7)
Solution 60: (4,0), (6,1), (1,2), (5,3), (2,4), (0,5), (3,6), (7,7)
Solution 61: (4,0), (6,1), (1,2), (5,3), (2,4), (0,5), (7,6), (3,7)
Solution 62: (4,0), (6,1), (3,2), (0,3), (2,4), (7,5), (5,6), (1,7)
Solution 63: (4,0), (7,1), (3,2), (0,3), (2,4), (5,5), (1,6), (6,7)
Solution 64: (4,0), (7,1), (3,2), (0,3), (6,4), (1,5), (5,6), (2,7)
Solution 65: (5,0), (0,1), (4,2), (1,3), (7,4), (2,5), (6,6), (3,7)
Solution 66: (5,0), (1,1), (6,2), (0,3), (2,4), (4,5), (7,6), (3,7)
Solution 67: (5,0), (1,1), (6,2), (0,3), (3,4), (7,5), (4,6), (2,7)
Solution 68: (5,0), (2,1), (0,2), (6,3), (4,4), (7,5), (1,6), (3,7)
Solution 69: (5,0), (2,1), (0,2), (7,3), (3,4), (1,5), (6,6), (4,7)
Solution 70: (5,0), (2,1), (0,2), (7,3), (4,4), (1,5), (3,6), (6,7)
Solution 71: (5,0), (2,1), (4,2), (6,3), (0,4), (3,5), (1,6), (7,7)
Solution 72: (5,0), (2,1), (4,2), (7,3), (0,4), (3,5), (1,6), (6,7)
Solution 73: (5,0), (2,1), (6,2), (1,3), (3,4), (7,5), (0,6), (4,7)
Solution 74: (5,0), (2,1), (6,2), (1,3), (7,4), (4,5), (0,6), (3,7)
Solution 75: (5,0), (2,1), (6,2), (3,3), (0,4), (7,5), (1,6), (4,7)
Solution 76: (5,0), (3,1), (0,2), (4,3), (7,4), (1,5), (6,6), (2,7)
Solution 77: (5,0), (3,1), (1,2), (7,3), (4,4), (6,5), (0,6), (2,7)
Solution 78: (5,0), (3,1), (6,2), (0,3), (2,4), (4,5), (1,6), (7,7)
Solution 79: (5,0), (3,1), (6,2), (0,3), (7,4), (1,5), (4,6), (2,7)
Solution 80: (5,0), (7,1), (1,2), (3,3), (0,4), (6,5), (4,6), (2,7)
Solution 81: (6,0), (0,1), (2,2), (7,3), (5,4), (3,5), (1,6), (4,7)
Solution 82: (6,0), (1,1), (3,2), (0,3), (7,4), (4,5), (2,6), (5,7)
Solution 83: (6,0), (1,1), (5,2), (2,3), (0,4), (3,5), (7,6), (4,7)
Solution 84: (6,0), (2,1), (0,2), (5,3), (7,4), (4,5), (1,6), (3,7)
Solution 85: (6,0), (2,1), (7,2), (1,3), (4,4), (0,5), (5,6), (3,7)
Solution 86: (6,0), (3,1), (1,2), (4,3), (7,4), (0,5), (2,6), (5,7)
Solution 87: (6,0), (3,1), (1,2), (7,3), (5,4), (0,5), (2,6), (4,7)
Solution 88: (6,0), (4,1), (2,2), (0,3), (5,4), (7,5), (1,6), (3,7)
Solution 89: (7,0), (1,1), (3,2), (0,3), (6,4), (4,5), (2,6), (5,7)
Solution 90: (7,0), (1,1), (4,2), (2,3), (0,4), (6,5), (3,6), (5,7)
Solution 91: (7,0), (2,1), (0,2), (5,3), (1,4), (4,5), (6,6), (3,7)
Solution 92: (7,0), (3,1), (0,2), (2,3), (5,4), (1,5), (6,6), (4,7)
